39 40
39 38
244 245
668 667
1023 1022
310 311
1635 1633
1071 1070
828 829
828 1663
482 481
617 616
1535 1541
1055 1054
149 162
495 496
1122 1123
591 592
228 230
1082 1083
393 392
1664 1313
2 3
468 469
538 540
1364 1363
586 585
586 587
9 10
1477 1475
1477 1665
224 1666
121 1667
759 758
561 560
1128 1668
1128 1129
582 583
582 581
497 496
497 498
1530 1529
1530 1531
906 907
906 905
118 119
118 117
459 458
80 79
839 840
576 577
576 575
1285 1669
1140 1139
489 490
1269 1268
1269 1270
12 11
525 524
150 151
150 1670
1668 1671
896 897
28 29
1304 1305
1047 1045
456 455
456 457
1406 1672
1351 1350
370 369
749 748
1095 1094
1010 1009
1161 1160
98 1673
33 32
33 34
1391 1392
448 446
1376 1674
1405 1675
1600 1599
1600 1604
620 621
601 600
601 602
51 52
97 96
186 185
1503 1502
276 1676
157 158
941 942
621 623
1002 1003
1499 1498
1203 1204
1203 1202
1276 1275
467 468
467 466
687 686
1677 274
746 745
1464 1463
148 149
707 708
629 628
316 315
319 320
1347 1346
457 454
1612 1610
238 230
326 327
326 325
1224 1225
1571 1572
1678 1679
1680 1543
1293 1294
599 600
182 183
837 836
6 7
686 685
1329 1330
16 15
16 18
1096 1095
257 258
781 780
1234 1681
585 584
626 624
165 166
735 734
735 736
1682 1074
1682 1683
154 153
154 155
978 977
1275 1274
852 853
852 851
1316 1317
57 56
1207 1206
266 268
1384 1385
680 679
680 681
537 536
361 362
212 213
253 252
253 254
1541 1542
726 727
615 614
738 737
738 740
106 107
580 579
580 581
628 627
1380 1379
730 731
1221 1222
384 381
384 383
332 331
166 167
250 249
250 251
65 64
1607 1606
1607 1610
1636 1635
1684 1308
1684 1309
1137 1136
1137 1685
1333 1334
13 14
1049 1048
311 313
1190 1686
832 830
168 167
1547 1548
570 571
690 691
476 477
517 515
1687 1678
714 1688
309 310
309 308
1447 1665
1199 1198
594 593
594 595
1555 1556
1080 1081
1689 224
678 677
618 620
1015 1016
588 587
588 589
15 14
483 482
483 484
100 99
559 558
1623 1622
1690 386
1162 1161
752 751
83 82
364 365
1039 1691
1012 1011
566 565
823 826
391 392
1546 1554
1546 1547
1336 1338
220 1689
1692 909
128 127
498 1693
1655 1654
31 30
127 1694
1086 1084
706 707
706 705
610 611
610 609
432 433
328 327
1247 1248
1247 1243
1656 1655
346 345
1182 1181
1182 1183
528 529
258 259
1695 1318
511 514
511 512
460 461
1165 1166
1292 1293
1292 1291
53 55
807 808
807 806
1696 1697
122 121
122 123
1167 1166
623 624
1254 1698
1650 1651
650 651
650 649
1145 1146
1091 1092
169 173
169 168
912 911
1699 1326
1699 1327
1619 1616
1700 1612
1011 1010
485 484
243 244
243 242
1517 1518
523 522
1123 1124
889 890
30 29
1641 1642
303 302
1280 1281
1280 1279
158 159
529 530
383 382
958 957
568 567
217 213
357 356
357 358
975 976
616 615
1569 1568
1164 1163
1164 1165
478 479
1028 1029
160 159
990 989
990 992
1243 1242
1349 1350
68 67
888 887
861 1701
651 652
337 338
137 141
699 703
493 494
493 492
197 196
1076 1702
1563 1562
1563 1564
564 565
206 207
206 1703
899 1692
1338 1704
1058 1059
50 51
113 1705
1557 1559
1557 1556
333 332
333 334
504 1706
901 900
1654 1653
281 282
281 1707
791 790
948 949
940 941
20 19
1465 1464
188 189
188 187
35 34
892 890
401 402
1708 1349
416 417
1185 1709
1 1710
358 359
472 471
472 473
359 360
59 61
1310 1311
1310 1309
464 465
464 463
1460 1461
780 779
72 73
72 71
1065 1066
1368 1366
518 517
1395 1396
1574 1575
136 137
136 135
1013 1014
191 190
551 552
551 550
666 665
772 1711
535 534
535 536
853 854
1416 1415
131 129
1171 1172
1026 1018
353 354
969 968
969 970
834 835
8 9
858 1712
1661 1713
932 931
390 1714
1211 1210
760 759
682 681
712 711
712 713
413 414
413 412
883 884
1150 1151
785 786
261 260
753 754
1715 1716
800 801
750 749
750 751
404 403
404 405
1400 1717
960 959
406 411
882 883
1718 1719
492 491
1206 1205
108 109
108 107
41 42
41 40
449 448
1491 1720
737 736
367 365
442 1721
73 74
145 146
793 792
1036 1035
1358 1360
1358 1357
1722 1723
717 718
435 436
294 295
294 1724
1588 1586
1393 1390
1620 1619
249 1725
75 74
1335 1726
838 839
838 1727
1493 1494
748 746
67 66
1382 1383
1344 1343
546 547
902 903
902 1692
902 909
1024 1023
1024 1025
295 296
305 304
21 22
21 20
1577 1575
1577 1581
545 546
555 556
596 595
1283 1282
1378 1379
500 1728
500 1693
284 285
125 124
1061 1060
722 721
278 279
278 277
636 637
636 634
1062 1061
1590 1588
318 319
318 1729
744 743
744 745
445 444
334 335
283 284
283 282
1147 1148
563 564
563 562
1149 1150
1149 1148
1229 1230
1229 1228
350 349
1322 1320
1362 1363
966 965
48 50
1197 1198
252 251
479 481
403 402
1325 1326
1325 1324
1506 1507
798 799
1730 573
1730 604
1567 1566
195 194
414 415
974 975
949 951
428 429
1125 1126
905 903
720 721
720 719
1271 1272
427 428
427 426
52 53
661 662
1731 1399
856 855
589 591
18 19
609 608
1332 1333
1341 1340
1046 1045
1343 1342
1732 93
177 175
1231 1230
787 786
273 274
1296 1733
1734 1735
1033 1032
293 292
1515 1514
964 963
1006 1005
1736 1126
1736 1737
1736 1738
1226 1227
799 800
1303 1739
870 869
1097 1096
1216 1215
1216 1220
424 422
1118 1117
1118 1119
1740 1741
1143 1142
340 341
116 115
1616 1613
875 877
875 874
553 554
1177 1178
1177 1742
1267 1266
1743 1744
269 271
269 268
426 424
1502 1745
308 306
1031 1032
1031 1030
873 871
873 874
924 926
1746 1747
1251 1250
412 411
1748 259
1748 260
1429 1428
246 245
830 829
1387 1388
1564 1565
475 476
475 474
1605 1604
1605 1606
1109 1110
1495 1496
1204 1205
1003 1004
967 966
967 968
1223 1224
1749 1714
1750 654
1750 1751
641 640
847 848
343 342
1107 1108
1752 1687
910 911
813 814
509 510
1187 1186
1187 1188
1372 1371
1372 1753
607 608
1238 1237
1291 1290
1113 1114
156 157
1312 1311
1504 1506
488 487
488 489
1454 1461
1356 1355
878 877
878 879
683 684
1027 1028
433 435
1404 1754
1420 1421
945 946
655 654
655 656
944 945
944 943
658 657
658 1755
299 300
916 917
916 915
1268 1267
918 919
194 1756
1549 1548
443 442
443 444
569 568
569 565
675 676
1179 1180
724 725
908 907
454 453
288 1757
1044 1758
1759 1760
405 406
1106 1761
208 207
1581 1582
440 439
440 441
1762 1678
1762 1687
473 474
1398 1397
710 709
710 711
1763 1569
1136 1135
1034 1033
1160 1159
1764 285
1765 1766
1295 1294
956 957
956 955
976 977
689 688
1348 1347
1767 1212
922 921
1200 1199
1200 1201
631 630
155 157
1340 1339
723 722
519 1768
1176 1742
1176 1175
1127 1668
338 339
913 912
913 914
102 103
102 1769
776 777
1154 1153
469 470
163 1670
46 47
46 59
1168 1167
247 248
788 787
788 789
1431 1430
1770 1771
961 963
103 104
741 742
1075 1074
1083 1772
265 266
265 264
1771 1773
1771 1774
938 939
101 100
843 842
1087 1088
1264 1263
1155 1154
1155 1157
612 613
1775 1776
603 604
603 602
1270 1271
77 78
971 970
775 774
1777 1778
1528 1529
126 125
532 533
1598 1590
1779 1780
180 179
1781 1126
1781 1738
930 929
930 1778
1170 1169
1170 1171
1423 1422
851 850
1782 629
1782 1783
762 764
728 727
915 914
1157 1159
344 345
946 947
931 1777
1184 1185
1184 1183
795 794
795 797
768 769
811 813
810 809
810 811
633 632
1784 1018
60 61
36 37
1286 1287
704 703
704 705
994 993
994 995
117 116
277 1676
71 1785
1222 1223
980 978
980 983
90 91
986 987
677 676
477 478
653 652
669 668
1701 863
550 549
62 60
1313 1312
1038 1691
1038 1786
557 556
557 558
634 633
1301 1300
1787 1788
1307 1308
254 255
1570 1571
1570 1763
1138 1139
114 113
802 803
183 184
770 771
314 315
209 208
1789 1527
742 743
342 341
1790 1774
1043 1044
1583 1582
1227 1228
347 346
1050 1051
374 373
1791 1792
354 355
486 487
486 1793
1192 1191
1328 1327
592 593
363 364
1794 1795
766 741
1721 441
1796 1797
463 462
998 995
998 1798
979 978
979 980
1799 1692
1526 1789
1084 1083
789 790
286 287
135 134
1800 642
1801 1802
88 89
923 922
1202 1201
430 429
560 559
324 325
324 322
1773 1803
1361 1362
298 299
164 163
302 300
761 762
1452 1804
1805 1806
161 160
76 77
670 671
670 669
336 337
336 335
1101 1102
190 189
1807 1808
1809 1688
1153 1152
321 322
1130 1131
1029 1030
880 879
1810 451
1811 1812
1813 1220
1354 1355
1256 1257
1042 1041
1042 1043
638 1814
1064 1065
503 501
695 696
695 694
400 399
1320 1815
112 113
1816 553
692 691
1568 1567
693 692
792 791
1389 1388
1702 1075
1629 1630
1817 1818
562 544
92 1732
92 91
764 765
115 114
933 936
933 932
1819 1013
1819 1820
848 850
1821 1822
1103 1102
1103 1104
713 714
947 948
185 184
1259 1698
1823 1824
797 798
7 1825
1826 2
1827 28
1828 1159
181 182
181 180
1435 1829
1079 1080
1079 1078
446 445
1830 1356
1831 1370
289 1832
1014 1015
954 955
954 953
1833 1834
264 1835
1836 1837
262 263
1838 1294
317 316
317 1729
1793 485
1839 1773
999 1000
1000 1001
1666 225
926 927
1840 1841
1842 1843
348 349
348 347
1844 1845
1846 1132
1847 1848
1849 1051
1849 1850
1851 1747
1852 1427
1853 1854
1855 1856
1726 1718
1728 501
1857 639
1858 1859
1858 1860
1861 368
1758 1045
1862 1863
1864 1865
1866 1049
1712 865
1755 659
1867 771
1798 999
1868 1869
1870 1378
1871 1872