164 165
164 166
76 167
76 168
3 2
169 170
171 172
95 173
174 63
174 175
176 177
9 178
9 179
180 181
177 182
183 184
185 30
92 186
187 188
53 189
97 190
191 192
13 193
51 50
51 194
195 29
196 197
5 6
198 199
198 200
201 202
117 203
117 204
205 206
205 207
88 89
208 191
119 209
119 210
167 211
173 212
149 148
149 213
214 215
214 216
74 217
125 218
219 220
219 221
222 223
224 225
226 227
228 141
229 98
63 183
230 231
32 232
32 31
111 233
234 235
234 128
236 175
237 238
239 165
24 23
34 33
34 240
241 242
243 203
244 245
244 52
106 105
246 247
248 115
60 249
60 250
251 252
105 103
61 253
86 85
6 7
247 254
122 120
255 109
40 256
257 258
259 260
142 141
153 152
261 262
263 264
221 265
158 157
158 159
266 201
266 56
123 246
267 268
39 37
39 38
133 134
133 269
245 270
93 271
272 8
272 273
274 275
49 50
15 9
15 276
277 163
278 1
62 61
62 184
279 280
279 121
281 282
283 284
285 286
287 90
288 283
289 57
289 58
290 291
290 292
293 294
143 142
143 144
295 235
296 297
102 298
58 59
127 126
56 55
36 299
300 285
301 13
301 12
302 303
252 304
305 306
305 271
182 307
29 308
292 309
304 310
115 311
312 4
146 147
116 313
116 314
104 265
104 315
316 118
317 318
157 156
319 320
321 276
55 54
44 322
323 324
323 325
320 229
225 326
327 328
329 330
331 71
66 171
332 232
332 33
333 334
242 278
335 240
7 8
52 336
337 64
337 65
124 302
101 338
339 248
339 215
340 341
148 147
83 82
342 125
343 82
344 294
344 345
199 346
298 347
348 64
348 349
350 351
80 352
270 353
354 250
207 355
41 256
27 356
357 223
358 68
359 218
360 187
186 170
361 253
362 307
363 202
364 226
161 365
366 30
367 37
368 251
369 370
371 372
371 373
374 255
375 376
377 70
378 379
380 381
382 238
70 69
341 366
383 356
383 384
91 90
385 69
386 387
280 388
353 189
98 389
390 102
166 91
391 343
392 263
392 340
393 94
394 395
394 396
397 359
398 79
75 168
75 399
315 103
254 400
46 45
46 401
308 402
227 87
197 21
403 404
405 53
406 357
407 408
162 160
409 410
409 77
409 411
412 296
216 413
330 96
303 274
414 45
415 188
416 213
144 145
417 129
38 418
419 420
402 421
422 84
130 132
423 321
423 10
89 287
328 233
424 425
426 427
428 316
100 429
136 135
136 137
430 185
430 195
431 120
432 88
433 434
435 436
31 437
438 194
438 260
420 137
413 314
309 439
440 441
442 21
442 22
59 249
181 14
443 74
443 407
444 114
444 311
269 132
19 445
376 426
425 352
370 57
79 446
4 3
35 262
447 40
325 193
48 401
349 236
179 273
72 71
448 441
418 299
449 267
450 208
110 109
110 451
200 220
452 453
454 66
346 338
28 355
85 422
455 261
129 131
121 456
67 257
365 434
145 146
336 259
156 155
457 458
112 111
112 113
459 243
25 26
65 172
16 14
460 378
210 431
461 373