442 181
181 7
7 6
6 230
230 48
48 49
49 133
133 171
171 19
19 382
382 443
443 218
218 39
39 407
407 176
176 439
444 445
445 411
411 446
446 351
351 406
406 107
107 106
106 437
437 438
438 292
292 426
426 45
45 28
28 96
96 94
94 109
109 108
108 414
414 214
214 162
162 163
163 161
161 139
139 291
447 448
448 247
247 347
347 346
346 449
449 416
416 175
175 42
42 41
41 116
116 33
33 246
246 213
213 157
157 196
196 197
197 210
210 123
123 129
129 182
182 15
15 266
266 267
267 259
259 430
430 296
296 323
323 317
317 258
258 417
417 450
450 75
75 343
343 3
3 362
362 451
451 342
342 286
452 275
275 274
274 378
378 132
132 131
131 350
350 61
61 62
62 193
193 326
326 29
29 168
168 336
336 12
12 366
366 35
35 91
91 453
453 388
388 269
269 208
208 128
128 236
236 118
118 117
117 454
455 138
138 421
421 97
97 434
434 435
435 410
410 122
122 233
233 55
55 239
239 64
64 136
136 185
185 135
135 158
158 268
268 77
77 212
212 211
211 101
101 372
372 379
379 428
428 380
380 164
164 165
165 391
391 390
390 392
392 456
456 457
457 458
458 89
89 145
145 203
203 204
204 370
370 231
231 232
232 70
70 69
69 459
459 460
460 147
147 146
146 461
461 431
431 242
242 154
154 153
153 155
155 359
359 303
303 358
358 179
