0 1
0 2
3 4
3 5
6 7
8 9
10 11
12 13
14 15
14 16
17 18
19 20
19 21
22 23
18 24
25 26
27 28
29 30
31 32
33 34
35 36
37 38
39 40
41 42
41 43
44 45
46 47
48 49
50 51
50 52
53 54
55 56
55 57
58 59
58 60
61 62
63 37
64 65
64 66
4 67
13 68
69 70
69 71
72 73
72 74
75 76
77 78
79 80
79 81
82 83
84 85
86 87
88 89
90 91
15 25
92 93
94 95
94 96
97 98
99 100
99 101
102 16
103 104
105 1
106 107
108 109
108 110
111 112
113 56
114 115
114 116
117 118
119 120
121 122
123 124
123 125
126 127
118 128
129 130
131 132
49 133
120 134
135 136
137 138
139 140
141 142
143 144
145 89
146 147
148 149
150 151
81 152
153 154
153 155
156 53
156 157
158 119
159 160
161 162
161 163
164 165
164 166
115 167
168 169
170 172
173 174
175 42
178 179
180 181
182 129
182 26
183 184
183 185
186 187
188 189
190 191
192 193
194 188
195 196
195 197
198 199
198 200
201 202
203 145
203 204
205 100
206 207
208 209
197 210
211 212
157 213
214 215
216 190
217 39
217 218
219 220
127 221
222 223
222 169
24 224
45 225
200 226
221 227
122 228
229 230
231 232
233 234
233 235
236 152
236 237
238 239
240 241
154 242
243 244
245 177
213 246
247 248
249 250
249 251
244 90
85 252
253 254
255 256
257 258
259 10
260 95
260 109
261 262
112 180
263 110
116 264
265 266
265 267
268 219
269 270
271 121
271 73
272 273
70 232
274 275
276 77
277 275
278 202
278 279
51 280
209 281
282 266
282 283
284 285
286 287
167 288
289 125
60 290
291 140
292 293
294 83
295 296
297 78
298 31
30 9
299 130
300 224
301 54
302 86
303 304
305 28
306 162
307 126
308 309
310 311
310 312
313 137
314 315
316 317
318 319
320 321
322 104
317 323
273 305
324 293
324 325
326 193
327 323
328 329
184 330
288 34
91 331
332 208
2 326
333 277
334 150
334 272
335 336
337 338
337 339
340 297
341 342
343 5
343 344
237 128
134 345
346 347
346 348
225 349
87 350
47 351
352 353
354 33
355 294
356 357
358 359
360 361
360 362
364 206
74 365
256 366
220 173
367 347
368 32
369 71
204 370
371 372
163 373
374 375
349 376
377 378
379 380
381 245
381 382
62 192
254 98
383 384
385 386
387 238
388 389
390 391
390 392
393 27
393 44
394 136
395 61
396 397
398 399
96 400
401 43
401 144
375 392
365 235
226 402
403 404
405 351
405 406
210 124
23 407
408 75
408 356
409 410
409 228
166 380
411 412
315 385
384 287
309 196
342 413
230 6
414 149
415 139
251 40
416 348
283 102
21 172
417 258
418 404
373 215
419 159
420 63
421 138
421 422
52 80
423 424
425 259
280 270
426 290
132 377
427 148
372 428
185 429
430 141
304 397
370 231
264 143
242 431
432 433
434 97
434 435
436 113
437 438
267 11
439 407
440 318
66 394
441 312
